[Time]
Date=2015/12/01
Time=17:38:06.38
[Horizontal]
HResolution=1.0000000E-05
HOffset=-5.0000000E-02